p0 4 3 7
p1 4 2 8
p2 6 2 10
p3 6 1 7
p4 6 3 10
p5 6 1 9
p6 7 2 10
p7 10 2 13
p8 12 2 16
p9 14 1 16
p10 15 3 19
p11 16 2 19
p12 16 1 18
p13 16 2 18
p14 18 3 23
p15 23 2 25
p16 24 1 27
p17 25 3 29
p18 29 2 33
p19 34 3 38
p20 34 1 37
p21 34 1 35
p22 36 3 39
p23 38 3 43
p24 39 3 43
p25 44 1 45
p26 46 3 51
p27 48 2 51
p28 53 1 54
p29 53 2 55
p30 58 2 60
p31 58 2 60
p32 58 1 60
p33 58 2 60
p34 60 1 63
p35 62 2 64
p36 62 2 66
p37 64 1 67
p38 67 1 68
p39 68 1 69
p40 69 3 73
p41 71 2 73
p42 71 3 75
p43 71 1 74
p44 71 2 75
p45 73 3 76
p46 75 1 76
p47 76 2 80
p48 76 3 79
p49 78 1 79
